9.9914,10.064
10.008,10.052
10,10.059
9.9895,10.057
9.9898,10.072
9.9926,10.057
10.004,10.055
9.9836,10.056
10.002,10.054
9.9774,10.073
9.9788,10.066
9.9887,10.068
9.9865,10.066
9.9832,10.059
10.004,10.057
9.9796,10.062
10.003,10.052
10.002,10.054
9.999,10.067
10.009,10.059
10.006,10.07
9.9887,10.059
9.9942,10.077
10.008,10.036
9.9962,10.051
9.9911,10.071
10.008,10.077
10.01,10.057
10.002,10.077
10.006,10.051
9.9952,10.066
10.006,10.058
10.008,10.057
9.9926,10.069
10.012,10.074
9.9958,10.058
9.995,10.06
9.9942,10.078
10.003,10.059
10.005,10.037
12.06,9.9763
12.062,9.9767
12.071,9.9801
12.059,9.9732
12.07,9.973
12.066,9.9748
12.075,10.026
12.061,9.9562
12.051,9.9791
12.07,9.9694
12.036,9.9791
12.073,10.041
12.071,9.976
12.075,9.9754
12.067,9.9692
12.07,9.9807
12.073,9.9808
12.058,9.9659
12.052,9.9731
12.044,9.9757
12.063,9.9599
12.048,9.984
12.061,9.9639
12.056,9.97
12.051,9.9841
12.068,10.039
12.047,9.9668
12.079,9.9699
12.07,10.042
12.066,9.9693
12.055,9.9644
12.053,9.9772
12.062,9.9708
12.047,9.9778
12.067,9.9736
12.059,9.9657
12.056,9.9758
12.068,9.9735
12.065,9.9863
12.068,10.023
11.2,11.597
11.188,11.597
11.192,11.599
11.196,11.594
11.196,11.601
11.189,11.604
11.19,11.604
11.204,11.583
11.19,11.594
11.195,11.585
11.207,11.609
11.196,11.604
11.194,11.609
11.193,11.608
11.205,11.609
11.196,11.587
11.183,11.603
11.194,11.603
11.201,11.609
11.188,11.598
11.19,11.62
11.189,11.594
11.208,11.593
11.195,11.613
11.2,11.599
11.197,11.604
11.205,11.6
11.189,11.587
11.193,11.601
11.204,11.613
11.188,11.595
11.214,11.623
11.195,11.579
11.208,11.597
11.197,11.604
11.207,11.608
11.202,11.596
11.199,11.604
11.182,11.602
11.206,11.606
9.5962,11.883
9.5727,11.874
9.5693,11.861
9.5939,11.887
9.5832,11.862
9.5925,11.87
9.5658,11.847
11.178,11.593
9.5821,11.879
9.5832,11.861
9.5747,11.866
9.6025,11.874
9.5635,11.884
9.5776,11.878
9.5824,11.875
9.5847,11.871
9.5752,11.875
9.586,11.868
9.5949,11.87
9.5926,11.876
9.5759,11.882
9.5892,11.882
9.5724,11.879
9.5759,11.85
9.5726,11.874
9.5903,11.864
9.5738,11.86
9.5863,11.873
9.5675,11.867
9.5632,11.886
9.5975,11.881
9.5941,11.87
9.5796,11.864
9.5857,11.861
9.5779,11.874
9.5926,11.874
9.5938,11.861
9.5642,11.867
9.5645,11.87
11.154,11.607
8.1321,10.839
8.1401,10.83
8.1415,10.833
8.1402,10.835
8.137,10.836
8.1351,10.847
8.1379,10.843
8.1487,10.846
8.1492,10.832
8.1453,10.826
8.1383,10.835
8.1324,10.839
8.1332,10.853
8.1306,10.84
8.1433,10.818
8.1379,10.834
8.1374,10.819
8.1388,10.835
8.1368,10.838
8.1383,10.84
8.1391,10.842
8.1531,10.847
8.1431,10.836
8.1091,10.814
8.1412,10.855
8.1517,10.846
8.1341,10.846
8.1357,10.831
8.1496,10.854
8.139,10.844
8.1323,10.852
8.1266,10.841
8.1347,10.836
8.1341,10.843
8.1354,10.85
8.1402,10.847
8.1463,10.837
8.1425,10.843
8.1435,10.836
8.1418,10.824
8.092,9.0748
8.0897,9.0527
8.0979,9.0585
8.0948,9.0641
8.105,9.0483
8.1134,9.0425
8.095,9.0423
8.0733,9.0664
8.0967,9.0472
8.082,9.0713
8.0957,9.0571
8.1034,9.0572
8.0934,9.0679
8.102,9.0599
8.0884,9.0571
8.085,9.0493
8.0996,9.0613
8.1035,9.0554
8.103,9.0552
8.0942,9.0648
8.0845,9.0739
8.1084,9.0452
8.0928,9.0633
8.0942,9.0641
8.1104,9.0629
8.0868,9.0556
8.0994,9.0593
8.0902,9.064
8.0896,9.0544
8.0929,9.057
8.1001,9.0715
8.0953,9.0667
8.0935,9.0809
8.1029,9.0586
8.0886,9.068
8.1042,9.0685
8.0902,9.053
8.0986,9.0648
8.0837,9.0593
8.0997,9.067
9.4564,8.0108
9.4894,7.9889
9.4632,7.9852
9.478,7.9799
9.4763,7.9802
8.1108,9.0452
9.4688,7.9742
9.4713,7.979
9.4413,7.9987
9.4702,7.9766
9.4841,7.9852
9.475,7.9823
9.4654,7.984
9.4738,7.9918
9.4808,7.9817
9.4753,7.9853
9.4803,7.971
9.4755,7.9974
9.4692,7.9908
9.4707,7.9779
9.4572,8.0088
9.473,7.9772
9.4401,7.9947
9.4524,8.007
9.4671,7.9716
9.4476,7.9943
9.4747,7.9749
9.4714,7.9873
9.4815,7.9855
9.4701,7.9743
9.4705,7.9903
9.4486,7.9983
9.4768,7.9839
9.4959,7.9803
9.4715,7.9746
9.4716,7.9855
9.4817,7.9747
9.4759,7.9812
9.4792,7.968
9.4756,7.98
11.262,8.4081
11.263,8.4043
11.239,8.4154
11.256,8.3919
11.267,8.4051
11.266,8.4025
11.265,8.3762
11.268,8.3958
11.254,8.4007
11.246,8.4037
11.257,8.4097
11.256,8.3938
11.244,8.3946
11.272,8.4123
11.264,8.3909
11.247,8.3824
11.261,8.3941
11.252,8.3977
11.259,8.3931
11.257,8.3996
11.266,8.4
11.255,8.4031
11.266,8.3889
11.256,8.4051
11.256,8.4046
11.243,8.3968
11.25,8.3976
11.255,8.3849
11.254,8.3958
11.275,8.3904
11.259,8.4051
11.254,8.3981
11.244,8.4075
11.269,8.4143
11.257,8.3963
11.241,8.4038
11.233,8.4082
11.253,8.4061
11.26,8.4154
11.255,8.3971
16.398,9.9162
16.384,9.9355
16.396,9.9331
16.382,9.9179
16.39,9.9288
16.377,9.9297
16.383,9.9234
16.391,9.9322
16.379,9.9243
16.385,9.9273
16.387,9.9108
16.396,9.9319
16.388,9.9477
16.387,9.9106
16.396,9.9166
16.385,9.9119
16.397,9.9315
16.407,9.9443
16.387,9.9304
16.385,9.9179
16.394,9.9202
16.411,9.9189
16.392,9.9179
16.379,9.9348
16.389,9.9207
16.387,9.9127
16.383,9.9193
16.398,9.9414
16.393,9.9426
16.395,9.9329
16.392,9.93
16.393,9.9263
16.395,9.9196
16.382,9.9246
16.385,9.917
16.392,9.914
16.395,9.9158
16.391,9.9095
16.393,9.9262
16.391,9.9257
13.965,14.939
13.958,14.939
13.956,14.952
13.946,14.948
13.961,14.958
13.947,14.953
13.953,14.946
13.954,14.943
13.952,14.949
13.951,14.948
13.959,14.957
13.962,14.954
13.957,14.947
13.948,14.956
13.953,14.928
13.958,14.945
13.937,14.948
13.942,14.945
13.958,14.953
13.949,14.938
13.965,14.941
13.948,14.942
13.96,14.945
13.95,14.955
13.957,14.932
13.945,14.949
13.96,14.949
13.937,14.961
13.946,14.951
13.958,14.96
13.966,14.951
13.96,14.951
13.951,14.962
13.953,14.959
13.952,14.944
13.945,14.938
13.963,14.949
13.949,14.936
13.938,14.959
13.95,14.943
8.6355,16.272
8.6217,16.273
8.6255,16.27
8.6375,16.255
8.6309,16.269
8.6316,16.281
8.6217,16.261
8.6376,16.27
8.6341,16.273
8.635,16.272
8.6236,16.275
8.6275,16.257
8.642,16.272
8.6444,16.262
8.6295,16.256
8.6283,16.287
8.6158,16.262
8.6359,16.26
8.6236,16.267
8.6348,16.247
8.6264,16.264
8.6386,16.264
8.6229,16.262
8.6268,16.254
8.6368,16.259
8.6287,16.281
8.6194,16.263
8.6288,16.266
8.6321,16.269
8.6271,16.27
8.6253,16.272
8.6356,16.269
8.6296,16.262
8.6359,16.269
8.6255,16.257
8.6298,16.278
8.6396,16.274
8.6354,16.261
8.6154,16.258
8.6232,16.266
4.2339,12.799
4.2305,12.807
4.2066,12.798
4.2241,12.787
4.2273,12.811
4.2111,12.783
4.2227,12.796
4.2132,12.794
4.2166,12.812
4.227,12.798
4.2236,12.803
4.2245,12.803
4.2269,12.804
4.2361,12.789
4.2282,12.796
4.2163,12.803
4.235,12.788
4.2158,12.792
4.2184,12.792
4.2295,12.779
4.2192,12.788
4.2244,12.784
4.2349,12.801
4.2267,12.802
4.2317,12.788
4.2223,12.794
4.2315,12.786
4.2211,12.797
4.2264,12.795
4.2303,12.775
4.2188,12.8
4.2248,12.806
4.219,12.824
4.2242,12.791
4.2126,12.779
4.221,12.815
4.2104,12.784
4.2295,12.808
4.224,12.802
4.2653,12.82
4.2102,7.1068
4.2129,7.1195
4.2211,7.1199
4.2181,7.1096
4.2097,7.111
4.2112,7.1137
4.2178,7.1103
4.2062,7.1166
4.2205,7.1307
4.2291,7.1089
4.2149,7.1134
4.2138,7.1202
4.2236,7.1189
4.2215,7.1195
4.2215,7.1113
4.2136,7.1156
4.2151,7.1167
4.2289,7.1318
4.2248,7.1161
4.2041,7.1274
4.2389,7.1191
4.2263,7.1178
4.2343,7.118
4.2156,7.1197
4.2277,7.1118
4.1957,7.1259
4.2203,7.1053
4.2179,7.1209
4.2379,7.1091
4.2246,7.1256
4.2426,7.1152
4.2204,7.1072
4.2055,7.1161
4.2204,7.1211
4.2166,7.1204
4.2095,7.1203
4.229,7.1218
4.214,7.1173
4.2251,7.1144
4.2211,7.1205
8.6168,3.7469
8.6293,3.7492
8.6122,3.74
8.6168,3.7458
8.6092,3.7613
8.6172,3.7515
8.6304,3.7325
8.6312,3.739
8.6144,3.7353
8.6167,3.7296
8.6274,3.7613
8.6375,3.7486
8.637,3.7418
8.6236,3.7374
8.6239,3.7444
8.6242,3.7479
8.6142,3.7445
8.6293,3.7412
8.6267,3.7489
8.6145,3.7353
8.6351,3.7541
8.6308,3.7405
8.6221,3.7434
8.6232,3.7481
8.6329,3.7485
8.6282,3.7621
8.6301,3.751
8.6142,3.7377
8.6247,3.7468
8.6169,3.7516
8.5981,3.7361
8.6169,3.7567
8.6232,3.7448
8.6354,3.7471
8.6211,3.7318
8.631,3.7418
8.6289,3.7499
8.6231,3.7526
8.6342,3.7535
8.6222,3.7489
14.079,4.9975
14.09,5.0305
14.093,5.0152
14.085,5.0202
14.082,5.0376
14.094,5.0316
14.091,5.0338
14.081,5.0332
14.077,5.0222
14.077,5
14.081,5.0333
14.093,5.0259
14.09,5.0209
14.092,5.028
14.104,5.0303
14.091,5.0245
14.082,5.0242
14.095,5.0327
14.082,5.0203
14.062,5.0103
14.089,5.039
14.086,5.0158
14.066,5.0202
14.072,5.0348
14.072,5.0231
14.085,5.0188
14.077,5.0079
14.088,5.0246
14.082,5.0295
14.06,5.0183
14.072,5.0328
14.098,5.0171
14.091,5.0105
14.083,5.0281
14.093,5.0193
14.088,5.0168
14.091,5.0104
14.071,5.0291
14.094,5.0124
14.083,5.0411
